N=17
X: 
2 8 10 13 5 2 8 8 2 10 12 10 2 5 10 5 8 
E: 
0 1 0 0 0 0 0 0 0 0 0 0 0 0 0 0 0 
1 0 1 0 0 2 0 0 0 0 0 0 0 0 0 0 0 
0 1 0 1 0 2 0 0 0 0 0 0 0 0 0 0 0 
0 0 1 0 1 2 0 0 0 0 0 0 0 0 0 0 0 
0 0 0 1 0 1 0 0 0 0 0 0 0 0 0 0 0 
0 2 2 2 1 0 1 0 0 0 0 0 0 0 0 0 0 
0 0 0 0 0 1 0 1 0 0 0 0 0 0 0 0 0 
0 0 0 0 0 0 1 0 1 0 0 0 0 0 0 0 0 
0 0 0 0 0 0 0 1 0 1 0 0 0 0 0 0 0 
0 0 0 0 0 0 0 0 1 0 1 0 0 0 0 0 0 
0 0 0 0 0 0 0 0 0 1 0 1 0 0 0 0 0 
0 0 0 0 0 0 0 0 0 0 1 0 1 2 0 0 0 
0 0 0 0 0 0 0 0 0 0 0 1 0 1 0 0 0 
0 0 0 0 0 0 0 0 0 0 0 2 1 0 1 0 0 
0 0 0 0 0 0 0 0 0 0 0 0 0 1 0 1 0 
0 0 0 0 0 0 0 0 0 0 0 0 0 0 1 0 2 
0 0 0 0 0 0 0 0 0 0 0 0 0 0 0 2 0 
R: 
1.0 0.0 0.0 0.0 0.0 0.0 0.25 0.07692307978868484 
0.0 0.0 0.0 0.0 1.0 0.0 0.25 0.11538461595773697 
0.0 0.0 0.0 1.0 0.0 0.0 0.5 0.1538461595773697 
0.0 0.0 1.0 0.0 0.0 0.0 0.5 0.23076923191547394 
0.0 0.0 0.0 1.0 0.0 0.0 0.5 0.3076923191547394 
0.0 1.0 0.0 0.0 0.0 0.0 0.25 0.38461539149284363 
0.0 0.0 0.0 0.0 1.0 0.0 0.25 0.42307692766189575 
0.0 0.0 0.0 1.0 0.0 0.0 0.5 0.4615384638309479 
0.0 0.0 1.0 0.0 0.0 0.0 0.5 0.5384615659713745 
0.0 0.0 0.0 1.0 0.0 0.0 0.5 0.6153846383094788 
1.0 0.0 0.0 0.0 0.0 0.0 0.5 0.692307710647583 
0.0 0.0 0.0 1.0 0.0 0.0 0.25 0.7692307829856873 
0.0 0.0 0.0 0.0 1.0 0.0 0.25 0.807692289352417 
0.0 0.0 1.0 0.0 0.0 0.0 0.25 0.8461538553237915 
0.0 0.0 0.0 0.0 1.0 0.0 0.25 0.8846153616905212 
0.0 0.0 0.0 1.0 0.0 0.0 1.0 0.9230769276618958 
0.0 0.0 0.0 1.0 0.0 0.0 0.25 1.0 
../../../SchenkerDiff/schenkerian_clusters/Primi_9/Primi_9

N=9
X: 
8 5 2 8 2 2 7 5 8 
E: 
0 1 0 0 0 0 0 2 0 
1 0 1 2 0 0 0 2 0 
0 1 0 1 0 0 0 2 0 
0 2 1 0 1 0 0 2 0 
0 0 0 1 0 1 0 2 0 
0 0 0 0 1 0 1 2 0 
0 0 0 0 0 1 0 1 0 
2 2 2 2 2 2 1 0 1 
0 0 0 0 0 0 0 1 0 
R: 
1.0 0.0 0.0 0.0 0.0 0.0 0.6666666865348816 0.0 
0.0 0.0 0.0 1.0 0.0 0.0 0.3333333432674408 0.1666666716337204 
0.0 1.0 0.0 0.0 0.0 0.0 0.6666666865348816 0.25 
0.0 0.0 0.0 1.0 0.0 0.0 0.3333333432674408 0.4166666567325592 
1.0 0.0 0.0 0.0 0.0 0.0 0.6666666865348816 0.5 
0.0 0.0 0.0 1.0 0.0 0.0 0.3333333432674408 0.6666666865348816 
0.0 1.0 0.0 0.0 0.0 0.0 0.6666666865348816 0.75 
0.0 0.0 0.0 1.0 0.0 0.0 0.3333333432674408 0.9166666865348816 
1.0 0.0 0.0 0.0 0.0 0.0 1.0 1.0 
../../../SchenkerDiff/schenkerian_clusters/Octavi_1/Octavi_1

N=8
X: 
10 5 2 5 5 8 8 12 
E: 
0 1 0 0 0 0 0 0 
1 0 1 0 0 0 0 0 
0 1 0 1 0 0 0 0 
0 0 1 0 1 0 0 0 
0 0 0 1 0 1 0 0 
0 0 0 0 1 0 1 1 
0 0 0 0 0 1 0 0 
0 0 0 0 0 1 0 0 
R: 
1.0 0.0 0.0 0.0 0.0 0.0 1.0 0.0 
0.0 0.0 1.0 0.0 0.0 0.0 1.0 0.1666666716337204 
0.0 1.0 0.0 0.0 0.0 0.0 1.0 0.3333333432674408 
0.0 0.0 1.0 0.0 0.0 0.0 1.0 0.5 
1.0 0.0 0.0 0.0 0.0 0.0 1.0 0.6666666865348816 
0.0 0.0 1.0 0.0 0.0 0.0 1.0 0.8333333134651184 
0.0 1.0 0.0 0.0 0.0 0.0 1.0 1.0 
0.0 0.0 1.0 0.0 0.0 0.0 1.0 1.0 
../../../SchenkerDiff/schenkerian_clusters/Septimi_1/Septimi_1

N=10
X: 
2 10 12 5 12 10 5 9 2 9 
E: 
0 1 0 0 2 0 0 0 0 0 
1 0 1 0 2 0 0 0 0 0 
0 1 0 1 2 0 0 0 0 0 
0 0 1 0 1 0 0 0 0 0 
2 2 2 1 0 1 2 2 2 0 
0 0 0 0 1 0 1 0 0 0 
0 0 0 0 2 1 0 1 0 0 
0 0 0 0 2 0 1 0 1 0 
0 0 0 0 2 0 0 1 0 1 
0 0 0 0 0 0 0 0 1 0 
R: 
1.0 0.0 0.0 0.0 0.0 0.0 1.0 0.0 
0.0 1.0 0.0 0.0 0.0 0.0 1.0 0.25 
1.0 0.0 0.0 0.0 0.0 0.0 0.5 0.5 
0.0 0.0 1.0 0.0 0.0 0.0 0.25 0.625 
0.0 0.0 0.0 1.0 0.0 0.0 0.25 0.6875 
0.0 1.0 0.0 0.0 0.0 0.0 0.25 0.75 
0.0 0.0 0.0 1.0 0.0 0.0 0.25 0.8125 
0.0 0.0 1.0 0.0 0.0 0.0 0.25 0.875 
0.0 0.0 0.0 1.0 0.0 0.0 0.25 0.9375 
1.0 0.0 0.0 0.0 0.0 0.0 1.0 1.0 
../../../SchenkerDiff/schenkerian_clusters/Secundi_4/Secundi_4

N=10
X: 
10 6 12 9 12 7 2 5 9 5 
E: 
0 1 0 0 2 0 0 0 0 0 
1 0 1 0 2 0 0 0 0 0 
0 1 0 1 2 0 0 0 0 0 
0 0 1 0 1 0 0 0 0 0 
2 2 2 1 0 1 2 2 2 0 
0 0 0 0 1 0 1 0 0 0 
0 0 0 0 2 1 0 1 0 0 
0 0 0 0 2 0 1 0 1 0 
0 0 0 0 2 0 0 1 0 1 
0 0 0 0 0 0 0 0 1 0 
R: 
1.0 0.0 0.0 0.0 0.0 0.0 1.0 0.0 
0.0 1.0 0.0 0.0 0.0 0.0 1.0 0.25 
1.0 0.0 0.0 0.0 0.0 0.0 0.5 0.5 
0.0 0.0 1.0 0.0 0.0 0.0 0.25 0.625 
0.0 0.0 0.0 1.0 0.0 0.0 0.25 0.6875 
0.0 1.0 0.0 0.0 0.0 0.0 0.25 0.75 
0.0 0.0 0.0 1.0 0.0 0.0 0.25 0.8125 
0.0 0.0 1.0 0.0 0.0 0.0 0.25 0.875 
0.0 0.0 0.0 1.0 0.0 0.0 0.25 0.9375 
1.0 0.0 0.0 0.0 0.0 0.0 1.0 1.0 
../../../SchenkerDiff/schenkerian_clusters/Secundi_4/Secundi_4

N=14
X: 
10 2 7 5 13 10 7 8 10 2 5 10 5 2 
E: 
0 1 0 0 0 0 0 0 0 0 0 0 0 0 
1 0 1 2 0 0 0 0 0 0 0 0 0 0 
0 1 0 1 0 0 0 0 0 0 0 0 0 0 
0 2 1 0 1 0 0 0 0 0 0 0 0 0 
0 0 0 1 0 1 0 0 0 0 0 0 0 0 
0 0 0 0 1 0 1 0 0 0 0 0 0 0 
0 0 0 0 0 1 0 1 0 0 0 0 0 0 
0 0 0 0 0 0 1 0 1 0 0 0 0 0 
0 0 0 0 0 0 0 1 0 1 0 0 0 0 
0 0 0 0 0 0 0 0 1 0 1 0 0 0 
0 0 0 0 0 0 0 0 0 1 0 1 0 0 
0 0 0 0 0 0 0 0 0 0 1 0 1 0 
0 0 0 0 0 0 0 0 0 0 0 1 0 1 
0 0 0 0 0 0 0 0 0 0 0 0 1 0 
R: 
1.0 0.0 0.0 0.0 0.0 0.0 1.0 0.0 
0.0 0.0 0.0 1.0 0.0 0.0 0.3333333432674408 0.1875 
0.0 1.0 0.0 0.0 0.0 0.0 0.3333333432674408 0.25 
0.0 0.0 0.0 1.0 0.0 0.0 0.3333333432674408 0.3125 
0.0 0.0 1.0 0.0 0.0 0.0 0.3333333432674408 0.375 
0.0 0.0 0.0 1.0 0.0 0.0 0.3333333432674408 0.4375 
1.0 0.0 0.0 0.0 0.0 0.0 1.0 0.5 
0.0 0.0 0.0 1.0 0.0 0.0 0.3333333432674408 0.6875 
0.0 1.0 0.0 0.0 0.0 0.0 0.3333333432674408 0.75 
0.0 0.0 0.0 1.0 0.0 0.0 0.1666666716337204 0.8125 
0.0 0.0 0.0 0.0 1.0 0.0 0.1666666716337204 0.84375 
0.0 0.0 1.0 0.0 0.0 0.0 0.3333333432674408 0.875 
0.0 0.0 0.0 1.0 0.0 0.0 0.3333333432674408 0.9375 
1.0 0.0 0.0 0.0 0.0 0.0 0.3333333432674408 1.0 
../../../SchenkerDiff/schenkerian_clusters/Primi_23/Primi_23

N=14
X: 
7 2 5 2 8 5 2 2 10 2 8 5 2 5 
E: 
0 1 2 0 0 0 0 0 0 0 0 0 0 0 
1 0 2 2 0 0 0 0 0 0 0 0 0 0 
2 2 0 1 2 0 0 0 2 0 0 0 0 0 
0 2 1 0 1 2 0 0 0 0 0 0 0 0 
0 0 2 1 0 1 2 0 2 0 0 0 0 0 
0 0 0 2 1 0 1 2 0 0 0 0 0 0 
0 0 0 0 2 1 0 1 2 0 0 0 0 0 
0 0 0 0 0 2 1 0 1 0 0 2 0 0 
0 0 2 0 2 0 2 1 0 1 2 2 2 0 
0 0 0 0 0 0 0 0 1 0 1 0 0 0 
0 0 0 0 0 0 0 0 2 1 0 1 0 0 
0 0 0 0 0 0 0 2 2 0 1 0 1 2 
0 0 0 0 0 0 0 0 2 0 0 1 0 1 
0 0 0 0 0 0 0 0 0 0 0 2 1 0 
R: 
1.0 0.0 0.0 0.0 0.0 0.0 0.5 0.25 
0.0 0.0 0.0 1.0 0.0 0.0 1.0 0.3333333432674408 
0.0 0.0 0.0 1.0 0.0 0.0 0.25 0.5416666865348816 
0.0 0.0 0.0 0.0 1.0 0.0 0.25 0.5833333134651184 
0.0 1.0 0.0 0.0 0.0 0.0 0.25 0.625 
0.0 0.0 0.0 0.0 1.0 0.0 0.25 0.6666666865348816 
0.0 0.0 0.0 1.0 0.0 0.0 0.25 0.7083333134651184 
0.0 0.0 0.0 0.0 1.0 0.0 0.25 0.75 
0.0 0.0 1.0 0.0 0.0 0.0 0.25 0.7916666865348816 
0.0 0.0 0.0 0.0 1.0 0.0 0.25 0.8333333134651184 
0.0 0.0 0.0 1.0 0.0 0.0 0.25 0.875 
0.0 0.0 0.0 0.0 1.0 0.0 0.25 0.9166666865348816 
1.0 0.0 0.0 0.0 0.0 0.0 0.25 0.9583333134651184 
0.0 0.0 0.0 0.0 1.0 0.0 0.25 1.0 
../../../SchenkerDiff/schenkerian_clusters/WTC_I_E_maj/WTC_I_E_maj

N=10
X: 
10 2 2 5 8 12 12 12 8 9 
E: 
0 1 0 0 2 0 0 0 0 0 
1 0 1 0 2 0 0 0 0 0 
0 1 0 1 2 0 0 0 0 0 
0 0 1 0 1 0 0 0 0 0 
2 2 2 1 0 1 2 2 2 0 
0 0 0 0 1 0 1 0 0 0 
0 0 0 0 2 1 0 1 0 0 
0 0 0 0 2 0 1 0 1 0 
0 0 0 0 2 0 0 1 0 1 
0 0 0 0 0 0 0 0 1 0 
R: 
1.0 0.0 0.0 0.0 0.0 0.0 1.0 0.0 
0.0 1.0 0.0 0.0 0.0 0.0 1.0 0.25 
1.0 0.0 0.0 0.0 0.0 0.0 0.5 0.5 
0.0 0.0 1.0 0.0 0.0 0.0 0.25 0.625 
0.0 0.0 0.0 1.0 0.0 0.0 0.25 0.6875 
0.0 1.0 0.0 0.0 0.0 0.0 0.25 0.75 
0.0 0.0 0.0 1.0 0.0 0.0 0.25 0.8125 
0.0 0.0 1.0 0.0 0.0 0.0 0.25 0.875 
0.0 0.0 0.0 1.0 0.0 0.0 0.25 0.9375 
1.0 0.0 0.0 0.0 0.0 0.0 1.0 1.0 
../../../SchenkerDiff/schenkerian_clusters/Secundi_4/Secundi_4

N=10
X: 
2 2 2 8 5 12 8 2 5 7 
E: 
0 1 0 0 2 0 0 0 0 0 
1 0 1 0 2 0 0 0 0 0 
0 1 0 1 2 0 0 0 0 0 
0 0 1 0 1 0 0 0 0 0 
2 2 2 1 0 1 2 2 2 0 
0 0 0 0 1 0 1 0 0 0 
0 0 0 0 2 1 0 1 0 0 
0 0 0 0 2 0 1 0 1 0 
0 0 0 0 2 0 0 1 0 1 
0 0 0 0 0 0 0 0 1 0 
R: 
1.0 0.0 0.0 0.0 0.0 0.0 1.0 0.0 
0.0 1.0 0.0 0.0 0.0 0.0 1.0 0.25 
1.0 0.0 0.0 0.0 0.0 0.0 0.5 0.5 
0.0 0.0 1.0 0.0 0.0 0.0 0.25 0.625 
0.0 0.0 0.0 1.0 0.0 0.0 0.25 0.6875 
0.0 1.0 0.0 0.0 0.0 0.0 0.25 0.75 
0.0 0.0 0.0 1.0 0.0 0.0 0.25 0.8125 
0.0 0.0 1.0 0.0 0.0 0.0 0.25 0.875 
0.0 0.0 0.0 1.0 0.0 0.0 0.25 0.9375 
1.0 0.0 0.0 0.0 0.0 0.0 1.0 1.0 
../../../SchenkerDiff/schenkerian_clusters/Secundi_4/Secundi_4

N=14
X: 
2 13 6 9 2 7 13 12 10 7 12 9 2 7 
E: 
0 1 2 2 2 0 0 0 0 0 0 2 2 2 
1 0 1 0 0 0 0 0 0 0 0 0 0 0 
2 1 0 1 0 0 0 0 0 0 0 0 0 0 
2 0 1 0 1 0 0 0 0 0 0 0 0 0 
2 0 0 1 0 1 2 2 2 2 2 2 0 0 
0 0 0 0 1 0 1 0 0 0 0 0 0 0 
0 0 0 0 2 1 0 1 0 0 0 0 0 0 
0 0 0 0 2 0 1 0 1 0 0 0 0 0 
0 0 0 0 2 0 0 1 0 1 0 0 0 0 
0 0 0 0 2 0 0 0 1 0 1 0 0 0 
0 0 0 0 2 0 0 0 0 1 0 1 0 0 
2 0 0 0 2 0 0 0 0 0 1 0 1 0 
2 0 0 0 0 0 0 0 0 0 0 1 0 1 
2 0 0 0 0 0 0 0 0 0 0 0 1 0 
R: 
1.0 0.0 0.0 0.0 0.0 0.0 0.25 0.0 
0.0 0.0 0.0 0.0 1.0 0.0 0.25 0.0416666679084301 
0.0 0.0 0.0 1.0 0.0 0.0 0.25 0.0833333358168602 
0.0 0.0 0.0 0.0 1.0 0.0 0.25 0.125 
0.0 0.0 1.0 0.0 0.0 0.0 0.25 0.1666666716337204 
0.0 0.0 0.0 0.0 1.0 0.0 0.25 0.2083333283662796 
0.0 0.0 0.0 1.0 0.0 0.0 0.25 0.25 
0.0 0.0 0.0 0.0 1.0 0.0 0.25 0.2916666567325592 
0.0 1.0 0.0 0.0 0.0 0.0 0.5 0.3333333432674408 
0.0 0.0 0.0 1.0 0.0 0.0 0.5 0.4166666567325592 
0.0 0.0 1.0 0.0 0.0 0.0 1.0 0.5 
1.0 0.0 0.0 0.0 0.0 0.0 1.0 0.6666666865348816 
0.0 0.0 1.0 0.0 0.0 0.0 1.0 0.8333333134651184 
0.0 1.0 0.0 0.0 0.0 0.0 0.5 1.0 
../../../SchenkerDiff/schenkerian_clusters/Quinti_9/Quinti_9

